0,553
216,3
216,2
216,1
216,0
215,3
215,2
215,1
215,0
214,5
214,4
214,3
214,2
214,1
214,0
213,4
213,3
213,2
213,1
213,0
212,3
212,2
212,1
212,0
211,4
211,3
211,2
211,1
211,0
210,3
210,2
210,1
210,0
209,4
209,3
209,2
209,1
209,0
208,5
208,4
208,3
208,2
208,1
208,0
0,552
0,551
207,3
207,2
207,1
207,0
206,3
206,2
206,1
206,0
205,5
205,4
205,3
205,2
205,1
205,0
204,4
204,3
204,2
204,1
204,0
203,3
203,2
203,1
203,0
202,4
202,3
202,2
202,1
202,0
201,3
201,2
201,1
201,0
200,4
200,3
200,2
200,1
200,0
199,5
199,4
199,3
199,2
199,1
199,0
0,550
0,549
0,548
0,547
0,546
0,545
198,3
198,2
198,1
198,0
197,3
197,2
197,1
197,0
0,544
196,5
196,4
196,3
196,2
0,543
196,1
196,0
195,4
195,3
195,2
195,1
195,0
194,3
194,2
194,1
194,0
193,4
193,3
193,2
193,1
193,0
192,3
192,2
192,1
192,0
191,4
191,3
191,2
191,1
191,0
190,5
190,4
190,3
190,2
190,1
190,0
0,542
0,541
